%YAML:1.0
calibration_time: "02/20/12 00:40:30"
nframes: 10
image_width: 640
image_height: 480
board_width: 4
board_height: 5
square_size: 1.
flags: 0
camera_matrix: !!opencv-matrix
   rows: 3
   cols: 3
   dt: d
   data: [ 5.7264036912101665e+002, 0., 3.0161283513706189e+002, 0.,
       5.6923422425635169e+002, 2.4260011327559576e+002, 0., 0., 1. ]
distortion_coefficients: !!opencv-matrix
   rows: 5
   cols: 1
   dt: d
   data: [ -1.1909526031586230e-001, 1.3508510901945234e+000,
       1.2427328730565642e-002, -1.4148803236100193e-002,
       -4.1737163844814003e+000 ]
avg_reprojection_error: 5.5412355835454408e-001
per_view_reprojection_errors: !!opencv-matrix
   rows: 10
   cols: 1
   dt: f
   data: [ 2.42171407e-001, 1.96218491e-001, 1.77615657e-001,
       3.39370459e-001, 3.87283415e-001, 1.18559611e+000,
       4.81648356e-001, 7.40835845e-001, 4.21350241e-001,
       5.59173703e-001 ]
# a set of 6-tuples (rotation vector + translation vector) for each view
extrinsic_parameters: !!opencv-matrix
   rows: 10
   cols: 6
   dt: d
   data: [ 2.5381563597328911e-002, -3.1886759548977059e-002,
       -1.5808529491710708e+000, -1.3636716267902791e+000,
       2.0247734223063123e+000, 1.3815055322485316e+001,
       5.9163968791538436e-002, -4.7294596566912456e-002,
       -1.5808345840648634e+000, -1.2894003704382748e+000,
       2.1149717974139164e+000, 1.3642981200318294e+001,
       6.0550806074520236e-002, -4.1413684813696505e-002,
       -1.5738915353749094e+000, -1.2956312073501903e+000,
       2.1274971192540209e+000, 1.3658221531242555e+001,
       1.9345634497119124e-001, -3.0980060928107045e-001,
       -1.8624655876367300e+000, -3.4690586605950653e+000,
       3.4657751307226161e+000, 1.0599608021009846e+001,
       -1.2399929133534113e-001, 1.4246489966897183e-001,
       -1.5499562218918583e+000, -3.7244103804409141e+000,
       2.1883106628395681e+000, 1.2323300811167778e+001,
       -2.2240878055910415e-001, 4.2879041288922937e-001,
       -1.4616151923760934e+000, -3.4019950066598206e+000,
       2.5811275441274719e+000, 1.3407365121960439e+001,
       -1.6825196095451922e-001, -3.6258026264024640e-001,
       -1.4472355995502004e+000, -4.1874563226995720e+000,
       2.6163833093289450e+000, 1.1237293727769666e+001,
       -2.0651933320865945e-001, -5.0115829028687697e-001,
       -1.4277324129822921e+000, -4.2164046032972937e+000,
       2.5579949890918603e+000, 1.1121237228070180e+001,
       -3.6284565884528369e-001, -4.9282705917126335e-001,
       -1.6067294714778038e+000, -2.9147651071679364e+000,
       4.0796232848984681e+000, 1.6452712766879717e+001,
       -2.3663279553672353e-001, -6.7723654257571697e-001,
       -1.1761740882770624e+000, -3.4015624899589567e+000,
       2.4830120313468229e+000, 1.1288372792228650e+001 ]
image_points: !!opencv-matrix
   rows: 10
   cols: 20
   dt: "2f"
   data: [ 2.44915024e+002, 3.26360352e+002, 2.44593018e+002,
       2.84896606e+002, 2.44292770e+002, 2.43752853e+002,
       2.43578033e+002, 2.02330353e+002, 2.86337128e+002,
       3.25836670e+002, 2.85902832e+002, 2.84455353e+002,
       2.85537048e+002, 2.43426178e+002, 2.85199799e+002,
       2.02117767e+002, 3.27587616e+002, 3.24922455e+002,
       3.27210602e+002, 2.83970276e+002, 3.26734833e+002,
       2.42965714e+002, 3.26576263e+002, 2.01902817e+002,
       3.68485840e+002, 3.24454742e+002, 3.68105560e+002,
       2.83343781e+002, 3.67535950e+002, 2.42593826e+002,
       3.67125885e+002, 2.01723892e+002, 4.08705566e+002,
       3.23610321e+002, 4.08102539e+002, 2.82745087e+002,
       4.07161987e+002, 2.42166183e+002, 4.06636536e+002,
       2.01700714e+002, 2.47230133e+002, 3.31288147e+002,
       2.46802795e+002, 2.89391754e+002, 2.46523987e+002,
       2.47518494e+002, 2.46051636e+002, 2.05477264e+002,
       2.89223724e+002, 3.30433075e+002, 2.88693512e+002,
       2.88667358e+002, 2.88515900e+002, 2.47253128e+002,
       2.88135681e+002, 2.05420029e+002, 3.30767914e+002,
       3.29362976e+002, 3.30275726e+002, 2.87701935e+002,
       3.29925903e+002, 2.46540421e+002, 3.29672455e+002,
       2.05198593e+002, 3.71640839e+002, 3.28421021e+002,
       3.71242889e+002, 2.87147705e+002, 3.70696167e+002,
       2.46227356e+002, 3.70380798e+002, 2.05045319e+002,
       4.11821716e+002, 3.27464508e+002, 4.11272064e+002,
       2.86416656e+002, 4.10538574e+002, 2.45717072e+002,
       4.10319000e+002, 2.04922546e+002, 2.46933823e+002,
       3.31748016e+002, 2.46945404e+002, 2.89751312e+002,
       2.46835815e+002, 2.48038193e+002, 2.46555191e+002,
       2.06073090e+002, 2.88941010e+002, 3.31088593e+002,
       2.88784180e+002, 2.89399811e+002, 2.88829254e+002,
       2.47909683e+002, 2.88706055e+002, 2.06260193e+002,
       3.30476837e+002, 3.30417175e+002, 3.30392944e+002,
       2.89035065e+002, 3.30357483e+002, 2.47631058e+002,
       3.30396942e+002, 2.06381668e+002, 3.71463654e+002,
       3.29615204e+002, 3.71302917e+002, 2.88420685e+002,
       3.71180847e+002, 2.47559982e+002, 3.71056000e+002,
       2.06462280e+002, 4.11580536e+002, 3.29143097e+002,
       4.11280670e+002, 2.87896698e+002, 4.10920074e+002,
       2.47356049e+002, 4.11071320e+002, 2.06564026e+002,
       1.09865799e+002, 4.32515411e+002, 9.39470444e+001,
       3.80056915e+002, 7.79276276e+001, 3.28432739e+002,
       6.16762009e+001, 2.76868011e+002, 1.64247635e+002,
       4.11591431e+002, 1.48532089e+002, 3.60668488e+002,
       1.32964447e+002, 3.10443420e+002, 1.17057030e+002,
       2.60445923e+002, 2.15845535e+002, 3.91438171e+002,
       2.00691269e+002, 3.42054749e+002, 1.85380051e+002,
       2.93435364e+002, 1.70033798e+002, 2.45022964e+002,
       2.64242432e+002, 3.72362732e+002, 2.49126251e+002,
       3.24582001e+002, 2.34365204e+002, 2.77530731e+002,
       2.19161148e+002, 2.30615250e+002, 3.09029266e+002,
       3.54506653e+002, 2.93967346e+002, 3.08386719e+002,
       2.79204651e+002, 2.62800934e+002, 2.64951355e+002,
       2.17392532e+002, 1.25458229e+002, 3.45911499e+002,
       1.27545738e+002, 2.98464172e+002, 1.28373352e+002,
       2.51798477e+002, 1.28939651e+002, 2.05023880e+002,
       1.70432541e+002, 3.47683502e+002, 1.71532501e+002,
       3.00145050e+002, 1.72605850e+002, 2.52608276e+002,
       1.73279312e+002, 2.05381485e+002, 2.17065842e+002,
       3.49393311e+002, 2.17783844e+002, 3.01379608e+002,
       2.18719025e+002, 2.53652054e+002, 2.19469238e+002,
       2.05792465e+002, 2.64368164e+002, 3.51191223e+002,
       2.64942932e+002, 3.02674347e+002, 2.65782501e+002,
       2.54420395e+002, 2.66559174e+002, 2.06258270e+002,
       3.12139221e+002, 3.53011566e+002, 3.12893799e+002,
       3.04112793e+002, 3.13727478e+002, 2.55432770e+002,
       3.14462799e+002, 2.06652237e+002, 1.53771851e+002,
       3.53893066e+002, 1.56614120e+002, 3.11378723e+002,
       1.58238556e+002, 2.68728271e+002, 1.58644043e+002,
       2.25390457e+002, 1.89298019e+002, 3.62197540e+002,
       1.90833359e+002, 3.18805328e+002, 1.92722534e+002,
       2.74835999e+002, 1.94040390e+002, 2.30113113e+002,
       2.28150269e+002, 3.70613586e+002, 2.29594940e+002,
       3.26400116e+002, 2.31334305e+002, 2.81225677e+002,
       2.33030655e+002, 2.35256439e+002, 2.69599762e+002,
       3.79153015e+002, 2.72241272e+002, 3.33186218e+002,
       2.74707458e+002, 2.86908722e+002, 2.75687469e+002,
       2.40294418e+002, 3.13659088e+002, 3.87579132e+002,
       3.17129944e+002, 3.40274689e+002, 3.19499237e+002,
       2.93254364e+002, 3.20822144e+002, 2.45830490e+002,
       8.36373825e+001, 3.78323578e+002, 9.53329239e+001,
       3.27457977e+002, 1.05890320e+002, 2.79656342e+002,
       1.15463181e+002, 2.34945786e+002, 1.36685089e+002,
       3.82622803e+002, 1.46204041e+002, 3.31678131e+002,
       1.55107407e+002, 2.84211090e+002, 1.63211487e+002,
